Leif
Lord
0 3 0 0 22 4 0 2 5 6 3 5 6 1 33 0 0 0 0 0 0 0 0 0 1 6 1 1 2 1 0 48 240
Finn
Lance Knight
1 13 1 1 28 7 1 7 9 5 6 9 5 7 32 0 0 0 0 0 0 0 0 0 1 7 1 0 9 1 0 18 1 1 4 1 1 2 1 3 0 0 4 0 0 0 0 0 0 0 32 304
Eyvale
Sword Master
2 5 2 2 28 9 4 18 20 10 7 8 8 12 35 0 0 0 0 0 0 0 0 0 0 1 1 5 6 7 0 48 288
Halvan
Axe Fighter
3 6 3 3 28 7 0 7 7 2 5 12 6 2 30 2 0 0 0 0 0 0 0 0 0 1 3 8 17 0 32 288
Othin
Axe Fighter
4 6 4 4 27 6 0 7 9 3 4 11 6 1 30 1 0 0 0 0 0 0 0 0 1 8 1 2 8 16 0 64 288
Tania
Bow Fighter
6 8 6 6 20 3 1 6 10 6 2 4 6 1 20 0 0 1 0 0 0 0 0 0 0 0 3 7 0 80 144
Dagda
Warrior
5 7 5 5 43 14 1 11 9 2 10 15 7 6 30 5 0 1 0 0 0 0 0 0 0 1 4 14 15 0 80 128
Marty
Mountain Thief
7 9 7 7 32 9 0 0 0 6 6 15 6 1 30 2 0 0 0 0 0 0 0 0 0 0 13 0 64 112

Archer
Archer
1 1 -1 13 20 6 0 0 3 3 1 6 6 1 20 0 0 1 0 0 0 0 0 0 0 0 4 0 176 192
2 0 0 0
Soldier
Soldier
0 0 -1 12 22 6 1 2 3 0 2 6 6 1 20 0 2 0 0 0 0 0 0 0 0 0 11 0 288 208
2 0 0 0
Soldier
Soldier
0 0 -1 12 25 4 3 3 3 4 2 10 6 10 20 0 2 0 0 0 0 0 0 0 0 0 11 0 208 256
1 1 0 0
Archer
Archer
1 1 -1 13 23 5 3 0 0 0 2 8 6 3 20 0 0 1 0 0 0 0 0 0 0 0 4 0 0 144 160
1 1 0 0
Soldier
Soldier
0 0 -1 12 20 6 3 2 0 2 1 6 6 1 20 0 1 0 0 0 0 0 0 0 0 0 10 0 288 160
1 1 0 0
Soldier
Soldier
0 0 9 12 20 5 3 3 0 0 4 8 6 1 20 0 1 0 0 0 0 0 0 0 0 0 10 0 240 192
1 0 0 0
Soldier
Soldier
0 0 8 12 21 5 0 1 0 2 3 6 7 4 20 0 2 0 0 0 0 0 0 0 0 0 11 0 208 160
0 0 0 0
Soldier
Soldier
0 0 -1 12 22 7 3 2 2 3 3 10 6 6 20 0 2 0 0 0 0 0 0 0 0 0 11 0 0 160 192
2 0 0 0
Soldier
Soldier
0 0 -1 12 22 6 3 1 0 0 2 9 7 5 20 0 1 0 0 0 0 0 0 0 0 0 10 0 160 128
1 0 0 0
Soldier
Soldier
0 0 -1 12 22 5 3 0 3 2 4 9 6 1 20 0 1 0 0 0 0 0 0 0 0 0 10 0 48 224
1 0 0 1
Soldier
Soldier
0 0 -1 12 21 6 0 2 0 0 4 6 6 1 20 0 1 0 0 0 0 0 0 0 0 0 10 0 192 96
1 0 0 0
Soldier
Soldier
0 0 -1 12 20 6 2 3 2 0 2 8 6 1 20 0 1 0 0 0 0 0 0 0 0 0 10 0 128 80
1 1 0 0
Archer
Archer
1 1 -1 13 22 5 3 3 3 2 1 6 6 1 20 0 0 1 0 0 0 0 0 0 0 0 4 0 256 128
0 0 0 0
Soldier
Soldier
0 0 -1 12 23 5 2 2 3 2 4 9 6 1 20 0 1 0 0 0 0 0 0 0 0 0 10 0 272 128
0 0 0 0
Sword Armour
Sword Armour
2 2 -1 11 22 6 1 1 1 3 11 12 9 5 32 0 0 0 0 0 0 0 0 0 0 0 12 0 272 80
0 1 1 0
